(7.883468151092529, -71.7895278930664, -82.70821380615234)
(7.966451644897461, -72.69903564453125, -82.63504791259766)
(8.006213188171387, -73.59075164794922, -82.50373077392578)
(7.971396446228027, -75.41194915771484, -82.20946502685547)
(8.15589714050293, -76.44482421875, -81.34627532958984)
(10.692258834838867, -74.63238525390625, -88.35360717773438)
(10.89538288116455, -83.51817321777344, -87.21312713623047)
(10.126631736755371, -79.99662017822266, -79.47808837890625)
(9.161657333374023, -79.0528793334961, -80.26152801513672)
(9.917054176330566, -79.52786254882812, -80.27224731445312)
(9.816947937011719, -79.45516204833984, -80.97920989990234)
(9.436803817749023, -79.00218963623047, -81.07958984375)
(9.066817283630371, -78.2251205444336, -80.49290466308594)
(9.679737091064453, -78.11221313476562, -81.32593536376953)
(8.988607406616211, -77.21018981933594, -80.70663452148438)
(9.440281867980957, -77.16885375976562, -81.39766693115234)
(9.05811595916748, -76.43114471435547, -81.33110809326172)
(9.468213081359863, -76.43494415283203, -82.25208282470703)
(8.99230670928955, -75.53915405273438, -82.139404296875)
(9.154349327087402, -74.83686065673828, -83.07682800292969)
(8.550713539123535, -74.614013671875, -82.71238708496094)
(9.573493957519531, -75.51774597167969, -83.10029602050781)
(8.832079887390137, -73.5624771118164, -83.18905639648438)
(9.133997917175293, -72.95319366455078, -84.06734466552734)
(8.717612266540527, -72.81962585449219, -83.46543884277344)
(9.360828399658203, -73.63540649414062, -84.0849609375)
(8.526494979858398, -72.0464859008789, -83.59187316894531)
(8.823746681213379, -71.60865020751953, -84.32859802246094)
(8.595847129821777, -70.94076538085938, -83.5411148071289)
(9.025384902954102, -70.55247497558594, -84.10530853271484)
(8.841642379760742, -69.85623168945312, -83.14744567871094)
(9.56313419342041, -69.63722229003906, -84.2244873046875)
(9.606891632080078, -68.67284393310547, -83.2617416381836)
(9.621174812316895, -67.9242935180664, -82.73278045654297)
(9.838711738586426, -67.22624969482422, -82.61908721923828)
(10.07977294921875, -66.46055603027344, -82.63607025146484)
(10.002795219421387, -65.61909484863281, -82.6898193359375)
(10.164012908935547, -64.70555877685547, -82.75981140136719)
(10.254793167114258, -63.80738067626953, -82.78533172607422)
(11.287144660949707, -54.56932067871094, -82.22618865966797)
(11.08796215057373, -55.455657958984375, -82.3937759399414)
(10.98415756225586, -56.15778350830078, -82.37117004394531)
(10.822619438171387, -57.108154296875, -82.41747283935547)
(11.247194290161133, -56.510101318359375, -81.79190063476562)
(11.16210651397705, -57.42390060424805, -81.75828552246094)
(11.058298110961914, -58.33183288574219, -81.69967651367188)
(10.999723434448242, -59.217124938964844, -81.66929626464844)
(10.613792419433594, -59.774810791015625, -82.17570495605469)
(10.938694953918457, -60.103240966796875, -81.6451644897461)
(10.947578430175781, -60.79612731933594, -81.74690246582031)
(11.511856079101562, -60.82131576538086, -81.65767669677734)
(11.902608871459961, -61.62727355957031, -82.322998046875)
(11.659900665283203, -62.61288070678711, -82.46292877197266)
(10.808565139770508, -62.66276550292969, -82.3717269897461)
(11.474716186523438, -63.33999252319336, -82.67185974121094)
(10.860919952392578, -63.60952377319336, -82.43030548095703)
(11.599924087524414, -63.82128143310547, -83.15573120117188)
(11.42668342590332, -64.40660095214844, -83.17373657226562)
(10.765918731689453, -64.49589538574219, -82.53507232666016)
(11.099358558654785, -65.08335876464844, -83.17884063720703)
(10.632665634155273, -65.36750030517578, -82.63619995117188)
(10.886505126953125, -65.94538116455078, -83.21163940429688)
(10.53425407409668, -66.05448913574219, -82.76654815673828)
(10.59449577331543, -66.50760650634766, -83.19815826416016)
(10.949706077575684, -66.12020111083984, -83.94818878173828)
(10.67005729675293, -66.89977264404297, -84.01172637939453)
(10.375578880310059, -67.18208312988281, -83.21210479736328)
(10.472796440124512, -67.89177703857422, -84.08384704589844)
(10.779559135437012, -67.0942153930664, -84.89862060546875)
(10.73365592956543, -67.83307647705078, -85.05143737792969)
(10.539424896240234, -68.49449920654297, -84.98473358154297)
(10.840069770812988, -68.02203369140625, -85.80351257324219)
(10.720908164978027, -68.72047424316406, -85.9230728149414)
(10.460070610046387, -68.93634033203125, -85.36007690429688)
(10.201966285705566, -69.61961364746094, -85.7564926147461)
(10.445457458496094, -69.53450012207031, -86.66051483154297)
(10.794013977050781, -68.67697143554688, -86.67410278320312)
(10.829235076904297, -70.5052490234375, -86.829345703125)
(11.696211814880371, -70.69342803955078, -86.69344329833984)
(11.742152214050293, -69.97977447509766, -86.7733154296875)
(10.632904052734375, -71.18463134765625, -86.45047760009766)
(10.92888355255127, -71.58463287353516, -86.82357788085938)
(10.630846977233887, -71.82777404785156, -86.23046112060547)
(10.57553768157959, -72.70748901367188, -85.81973266601562)
(10.901097297668457, -72.72444152832031, -86.7137222290039)
(11.00273323059082, -73.72599029541016, -86.12004852294922)
(11.079894065856934, -73.61085510253906, -86.82785034179688)
(11.632795333862305, -74.38753509521484, -86.59008026123047)
(11.182511329650879, -74.42312622070312, -85.83336639404297)
(11.14358139038086, -75.1141357421875, -85.92436981201172)
(11.517104148864746, -76.58634948730469, -85.81351470947266)
(10.839217185974121, -76.51215362548828, -84.90289306640625)
(11.598502159118652, -77.38882446289062, -84.98588562011719)
(10.8920259475708, -77.44718170166016, -84.2783432006836)
(11.614727973937988, -78.34710693359375, -84.18626403808594)
(11.074235916137695, -78.40763092041016, -83.88328552246094)
(11.63221549987793, -78.8238296508789, -83.4369888305664)
(11.195778846740723, -79.2279052734375, -83.30731201171875)
(11.903139114379883, -79.52287292480469, -83.13280487060547)
(11.346149444580078, -79.75741577148438, -82.9659652709961)
(11.393232345581055, -79.7833251953125, -82.88792419433594)
(11.031753540039062, -83.72578430175781, -77.7365951538086)
(11.808473587036133, -83.68709564208984, -76.9882583618164)
(11.064651489257812, -82.87382507324219, -78.01390838623047)
(11.895440101623535, -82.8294906616211, -77.71633911132812)
(10.899649620056152, -81.94813537597656, -78.51439666748047)
(11.6124849319458, -81.98090362548828, -78.62545776367188)
(10.823022842407227, -81.01811218261719, -78.85452270507812)
(10.680244445800781, -80.56694030761719, -79.38973999023438)
(11.068798065185547, -81.03643798828125, -79.53591918945312)
(10.612162590026855, -80.54151916503906, -80.05500030517578)
(11.033503532409668, -81.16053009033203, -80.38159942626953)
(11.412327766418457, -81.57940673828125, -80.02803039550781)
(11.391301155090332, -81.49951934814453, -79.26426696777344)
(11.36557674407959, -81.61034393310547, -80.94949340820312)
(10.974102973937988, -81.22528839111328, -81.25423431396484)
(12.16964340209961, -80.93629455566406, -82.5867691040039)
(10.465986251831055, -80.67860412597656, -81.9159927368164)
(10.490299224853516, -80.60731506347656, -80.91899108886719)
(10.124568939208984, -80.09732055664062, -81.29312133789062)
(10.123526573181152, -80.18910217285156, -82.05883026123047)
(9.647012710571289, -79.35325622558594, -81.9854736328125)
(9.607895851135254, -77.95869445800781, -82.82568359375)
(9.92643928527832, -78.12338256835938, -81.9591293334961)
(9.690848350524902, -77.51786041259766, -82.11555480957031)
(9.583609580993652, -77.14469146728516, -82.99065399169922)
(9.621135711669922, -76.02924346923828, -83.17815399169922)
(9.942192077636719, -75.41050720214844, -84.0356674194336)
(9.837246894836426, -75.87340545654297, -84.09800720214844)
(9.47012710571289, -74.74176788330078, -83.7859878540039)
(10.09685230255127, -74.59048461914062, -84.78973388671875)
(10.611220359802246, -73.84195709228516, -85.43704223632812)
(9.930035591125488, -73.3924560546875, -84.83454895019531)
(10.750185012817383, -74.70633697509766, -85.32550048828125)
(10.37564754486084, -75.41603088378906, -84.82062530517578)
(10.739768028259277, -75.50333404541016, -85.36653900146484)
(9.79084300994873, -72.69680786132812, -85.100830078125)
(10.263786315917969, -71.728759765625, -85.74686431884766)
(9.813919067382812, -71.77129364013672, -85.50466918945312)
(9.567702293395996, -70.74910736083984, -85.16105651855469)
(10.184189796447754, -70.91309356689453, -86.02714538574219)
(9.88793659210205, -69.69551086425781, -85.00675201416016)
(10.194068908691406, -69.09911346435547, -84.9012222290039)
(10.090276718139648, -68.75782775878906, -84.21834564208984)
(9.348746299743652, -71.41084289550781, -85.1558609008789)
(10.25656509399414, -80.0212631225586, -80.41799926757812)
(12.173049926757812, -80.77497100830078, -82.97178649902344)
(11.798675537109375, -82.2447738647461, -81.96923828125)
(12.060839653015137, -82.80319213867188, -82.96963500976562)
(12.309450149536133, -83.28589630126953, -82.04205322265625)
(12.376022338867188, -83.23729705810547, -80.9144515991211)
(12.51363754272461, -83.294677734375, -80.02823638916016)
(12.9779691696167, -84.6131362915039, -80.02027893066406)
(13.236608505249023, -85.47178649902344, -78.42500305175781)
(13.180627822875977, -84.59090423583984, -78.4192123413086)
(13.15986442565918, -84.55156707763672, -77.55538177490234)
(12.97192668914795, -83.82181549072266, -78.39730834960938)
(12.97132396697998, -83.79933166503906, -77.55657958984375)
(12.650507926940918, -83.19157409667969, -78.24288177490234)
(12.619385719299316, -83.27943420410156, -77.53162384033203)
(12.639910697937012, -83.66539001464844, -76.89287567138672)
(12.612387657165527, -83.24463653564453, -79.13420867919922)
(12.902420997619629, -83.9219741821289, -79.35267639160156)
(13.12082576751709, -84.7141342163086, -79.18673706054688)
(13.183232307434082, -85.48258209228516, -79.30122375488281)
(12.192974090576172, -82.77960968017578, -80.43630981445312)
(12.12949275970459, -82.77729797363281, -81.35165405273438)
(11.78184986114502, -82.1776351928711, -81.15801239013672)
(11.826196670532227, -82.17503356933594, -80.23605346679688)
(12.25874137878418, -82.74893951416016, -79.52242279052734)
(11.832298278808594, -82.13424682617188, -79.35208892822266)
(12.257397651672363, -82.68010711669922, -78.64328002929688)
(11.626049995422363, -82.20220947265625, -84.6087417602539)
(11.681140899658203, -82.16155242919922, -83.84635925292969)
(11.656929969787598, -80.16777038574219, -82.71946716308594)
(12.07703685760498, -80.14788055419922, -83.16581726074219)
(10.924704551696777, -81.8246078491211, -87.36524963378906)
(11.040868759155273, -80.9303207397461, -86.55592346191406)
(11.310382843017578, -75.18498229980469, -87.4076919555664)
(11.321724891662598, -74.45508575439453, -87.52940368652344)
(11.048501014709473, -73.7517318725586, -87.46965789794922)
(10.944486618041992, -72.69042205810547, -87.5449447631836)
(11.628960609436035, -71.34923553466797, -87.51697540283203)
(12.999241828918457, -67.28775024414062, -90.2162094116211)
(13.008674621582031, -68.17505645751953, -89.26610565185547)
(12.83927059173584, -69.98359680175781, -88.28084564208984)
(13.079856872558594, -70.70126342773438, -87.64002990722656)
(13.314263343811035, -71.41975402832031, -86.75044250488281)
(13.41860580444336, -71.75624084472656, -87.05660247802734)
(13.044791221618652, -70.75798797607422, -86.90916442871094)
(12.717658996582031, -71.74832916259766, -86.78291320800781)
(13.501792907714844, -71.98568725585938, -86.5932846069336)
(13.319141387939453, -71.68279266357422, -86.54535675048828)
(13.54875373840332, -71.83480834960938, -86.7533950805664)
(13.028125762939453, -69.99864196777344, -87.49597930908203)
(12.958083152770996, -70.16643524169922, -86.93096160888672)
(12.781996726989746, -69.8921127319336, -86.82302856445312)
(12.78903865814209, -69.38538360595703, -87.56278228759766)
(12.484540939331055, -68.97618865966797, -87.58850860595703)
(12.819162368774414, -68.41548919677734, -88.50494384765625)
(12.516313552856445, -67.9906997680664, -88.50054168701172)
(12.816715240478516, -69.0632553100586, -88.33650207519531)
(12.788960456848145, -67.49639129638672, -89.40381622314453)
(12.563416481018066, -67.06888580322266, -89.37635040283203)
(13.48422908782959, -66.25791931152344, -90.388427734375)
(12.523038864135742, -66.30325317382812, -89.89448547363281)
(12.742608070373535, -65.85871887207031, -90.27729034423828)
(13.4867582321167, -65.22100067138672, -90.5943832397461)
(12.591548919677734, -65.46609497070312, -90.63365936279297)
(12.68915843963623, -64.54097747802734, -91.31644439697266)
(13.624098777770996, -64.27816009521484, -91.06015014648438)
(13.454972267150879, -63.70553970336914, -91.52114868164062)
(12.856518745422363, -63.59703063964844, -92.21644592285156)
(13.731303215026855, -63.11534118652344, -92.06171417236328)
(13.535908699035645, -62.75187683105469, -92.90509033203125)
(12.870972633361816, -62.826812744140625, -93.00708770751953)
(12.756258964538574, -62.534873962402344, -93.67476654052734)
(13.833353996276855, -62.10479736328125, -94.13469696044922)
(12.725295066833496, -62.51921463012695, -94.67601013183594)
(13.544142723083496, -61.914955139160156, -95.12190246582031)
(14.238164901733398, -61.19248962402344, -95.0401382446289)
(11.449129104614258, -62.564510345458984, -93.58379364013672)
(11.933366775512695, -62.01437759399414, -92.82743072509766)
(11.11801528930664, -61.41905975341797, -92.0746841430664)
(12.125144958496094, -61.039154052734375, -91.98622131347656)
(11.814165115356445, -61.31245040893555, -90.97003173828125)
(10.943246841430664, -61.64864730834961, -91.34700012207031)
(11.619845390319824, -61.924190521240234, -91.34562683105469)
(11.231969833374023, -61.004154205322266, -91.48703002929688)
(10.91773509979248, -62.3196907043457, -91.15315246582031)
(10.627033233642578, -62.818946838378906, -90.88001251220703)
(11.150160789489746, -62.576053619384766, -91.36006164550781)
(10.686278343200684, -63.1594352722168, -90.5821304321289)
(10.8992919921875, -63.4084358215332, -91.29352569580078)
(10.756138801574707, -63.693763732910156, -90.32157897949219)
(10.885639190673828, -64.48161315917969, -90.29981231689453)
(11.148171424865723, -64.53427124023438, -91.36112976074219)
(11.880871772766113, -65.3066177368164, -91.05455780029297)
(11.07602310180664, -65.28860473632812, -90.48629760742188)
(11.886589050292969, -66.0839614868164, -90.23643493652344)
(10.758893013000488, -65.03977966308594, -89.4468994140625)
(11.668594360351562, -66.6594009399414, -89.7242202758789)
(11.859992980957031, -66.82842254638672, -89.4603500366211)
(11.851208686828613, -67.65355682373047, -88.7593002319336)
(11.937156677246094, -67.19769287109375, -89.13227081298828)
(10.618803024291992, -66.47982788085938, -88.4295883178711)
(11.804917335510254, -68.51435852050781, -87.80210876464844)
(11.910957336425781, -68.109130859375, -88.22199249267578)
(10.850252151489258, -67.33280944824219, -87.48007202148438)
(11.73398208618164, -69.29627227783203, -87.24271392822266)
(10.863076210021973, -68.12269592285156, -86.65779113769531)
(10.8930025100708, -67.26451110839844, -86.64311218261719)
(10.74691390991211, -66.3498764038086, -87.4703369140625)
(10.850523948669434, -66.30353546142578, -86.59170532226562)
(10.886711120605469, -65.24360656738281, -87.44005584716797)
(11.049431800842285, -65.26134490966797, -86.57316589355469)
(11.016180992126465, -64.51898956298828, -87.4498062133789)
(11.236233711242676, -64.45758056640625, -86.57118225097656)
(10.836543083190918, -63.778324127197266, -87.19866943359375)
(11.163985252380371, -63.772132873535156, -86.40065002441406)
(10.912257194519043, -62.74799728393555, -86.4675064086914)
(11.014941215515137, -61.73844528198242, -86.41917419433594)
(11.791358947753906, -57.93684387207031, -87.37015533447266)
(10.381123542785645, -63.53501510620117, -89.46602630615234)
(10.643559455871582, -63.853824615478516, -88.3235855102539)
(10.688095092773438, -63.77576446533203, -89.46795654296875)
(10.874977111816406, -64.50189208984375, -88.39247131347656)
(10.846870422363281, -64.61444091796875, -89.25859069824219)
(10.75067138671875, -65.1240463256836, -88.40142059326172)
(10.631999969482422, -63.46348190307617, -90.02316284179688)
(-0.9898087382316589, -70.90933990478516, -94.27156829833984)
(9.555131912231445, -64.83750915527344, -93.8470687866211)
(10.868742942810059, -55.895111083984375, -97.79207611083984)
(11.496464729309082, -57.988136291503906, -98.74310302734375)
(12.13387680053711, -57.868709564208984, -98.70533752441406)
(12.23266315460205, -57.20273208618164, -98.64496612548828)
(11.73641300201416, -56.37217712402344, -98.30029296875)
(12.626829147338867, -56.86857986450195, -98.63196563720703)
(12.377342224121094, -56.148284912109375, -98.25041198730469)
(11.410860061645508, -55.69325637817383, -98.52853393554688)
(12.336417198181152, -55.75397491455078, -98.6728286743164)
(11.539731979370117, -55.5981330871582, -99.4255142211914)
(12.53455924987793, -55.75301742553711, -99.43792724609375)
(11.616806030273438, -55.61079406738281, -100.29499053955078)
(12.573600769042969, -55.89833450317383, -100.31211853027344)
(10.362192153930664, -62.771202087402344, -91.24773406982422)
(10.695672988891602, -62.00820541381836, -91.97114562988281)
(11.07644271850586, -61.295188903808594, -99.57670593261719)
(10.139806747436523, -62.207237243652344, -99.5629653930664)
(10.115748405456543, -61.772640228271484, -100.45542907714844)
(10.957304000854492, -60.83024978637695, -100.4720687866211)
(13.61843204498291, -56.64883041381836, -103.18687438964844)
(13.337006568908691, -49.758724212646484, -89.3847885131836)
(13.66788101196289, -48.84461212158203, -89.40145874023438)
(13.849570274353027, -47.90727233886719, -88.52388763427734)
(14.268449783325195, -46.96871566772461, -88.5321044921875)
(13.759325981140137, -47.93341827392578, -87.60594940185547)
(14.170981407165527, -46.88239288330078, -87.53805541992188)
(13.584146499633789, -48.7544059753418, -87.68547821044922)
(13.611889839172363, -48.833770751953125, -88.47933959960938)
(13.321098327636719, -49.748008728027344, -88.45547485351562)
(13.000614166259766, -50.64550018310547, -86.60000610351562)
(13.250038146972656, -49.935821533203125, -86.50247192382812)
(12.71541690826416, -51.546756744384766, -86.61001586914062)
(12.596654891967773, -52.57133102416992, -85.74620819091797)
(12.471809387207031, -53.325443267822266, -85.65360260009766)
(12.385001182556152, -53.93292999267578, -85.65138244628906)
(12.453811645507812, -54.33325958251953, -84.8277587890625)
(12.337016105651855, -54.54739761352539, -85.49076080322266)
(12.539490699768066, -53.47559356689453, -84.83784484863281)
(12.394783020019531, -55.13454055786133, -84.63911437988281)
(12.539363861083984, -54.50539016723633, -83.91325378417969)
(12.495698928833008, -55.21438217163086, -83.85014343261719)
(12.389166831970215, -56.04404830932617, -83.76876831054688)
(12.568171501159668, -55.126434326171875, -83.06836700439453)
(12.434999465942383, -56.152156829833984, -82.79179382324219)
(12.457343101501465, -55.32793426513672, -82.17144775390625)
(12.500572204589844, -54.27057647705078, -82.23381805419922)
(12.577342987060547, -54.33653259277344, -83.11003112792969)
(12.690516471862793, -53.334930419921875, -83.01805877685547)
(12.703487396240234, -53.13391876220703, -82.23137664794922)
(12.796000480651855, -52.5551872253418, -82.99746704101562)
(12.759328842163086, -52.391414642333984, -82.19601440429688)
(12.854650497436523, -51.656436920166016, -83.01404571533203)
(12.799050331115723, -51.465972900390625, -82.2083511352539)
(13.005887985229492, -50.66045379638672, -83.01488494873047)
(12.933095932006836, -50.474525451660156, -82.20478820800781)
(13.215231895446777, -49.85025405883789, -83.00778198242188)
(13.13043212890625, -49.66748809814453, -82.1854019165039)
(13.28421688079834, -48.96445846557617, -83.0033187866211)
(13.170161247253418, -48.783538818359375, -82.24559783935547)
(13.303781509399414, -48.17626190185547, -82.82660675048828)
(13.195853233337402, -48.24837112426758, -82.29164123535156)
(12.57522964477539, -48.045318603515625, -82.26532745361328)
(13.435111045837402, -47.36676025390625, -83.14092254638672)
(12.641205787658691, -47.264278411865234, -83.19674682617188)
(13.543872833251953, -46.50617218017578, -83.5261459350586)
(12.88609790802002, -46.35108947753906, -84.0762939453125)
(13.922770500183105, -45.9771842956543, -83.99871826171875)
(13.278823852539062, -45.3765754699707, -84.4050521850586)
(13.07558536529541, -45.66224670410156, -84.7801513671875)
(13.416655540466309, -45.11512756347656, -84.99091339111328)
(13.070613861083984, -45.56621170043945, -85.54231262207031)
(13.505525588989258, -44.820247650146484, -85.76122283935547)
(13.59878158569336, -44.65283203125, -86.67989349365234)
(13.673248291015625, -44.605621337890625, -87.54266357421875)
(13.829519271850586, -44.48263168334961, -88.318115234375)
(14.084609985351562, -44.58802032470703, -90.95584869384766)
(13.984895706176758, -44.566368103027344, -90.04191589355469)
(14.477664947509766, -43.780303955078125, -89.37838745117188)
(14.579086303710938, -43.73366165161133, -90.25731658935547)
(14.2201566696167, -44.538917541503906, -91.9797134399414)
(14.673264503479004, -43.71635437011719, -91.16168975830078)
(14.822880744934082, -43.605899810791016, -91.9583969116211)
(14.771339416503906, -43.74557113647461, -92.78398895263672)
(14.366520881652832, -44.56193161010742, -94.11933135986328)
(14.422739028930664, -44.563411712646484, -95.0472183227539)
(14.955988883972168, -43.68085479736328, -94.72895812988281)
(14.839242935180664, -43.73594284057617, -93.71633911132812)
(15.410064697265625, -43.15448760986328, -93.02178192138672)
(15.456768989562988, -43.14678955078125, -93.91376495361328)
(15.394113540649414, -43.147979736328125, -92.11274719238281)
(16.33884620666504, -43.37440872192383, -92.37322998046875)
(16.097339630126953, -43.12773132324219, -93.1624755859375)
(16.29526710510254, -43.522178649902344, -91.2975845336914)
(15.372682571411133, -43.16334533691406, -91.2059555053711)
(16.05439567565918, -43.45579147338867, -90.4226303100586)
(15.32570743560791, -43.2190055847168, -90.30250549316406)
(16.028886795043945, -43.78251266479492, -89.4754638671875)
(15.181211471557617, -43.3541259765625, -89.48078155517578)
(15.6187105178833, -43.6742057800293, -88.57553100585938)
(15.6845064163208, -44.441959381103516, -88.58329772949219)
(15.85043716430664, -44.50999450683594, -89.33210754394531)
(15.336263656616211, -44.965633392333984, -88.67323303222656)
(14.725386619567871, -45.984642028808594, -88.4619140625)
(14.820584297180176, -46.11092758178711, -89.46436309814453)
(14.577058792114258, -46.06344223022461, -87.640625)
(14.927013397216797, -45.23837661743164, -87.6556167602539)
(14.38193130493164, -46.24077606201172, -86.75679016113281)
(14.675338745117188, -45.37191390991211, -86.59953308105469)
(14.290477752685547, -46.07173538208008, -85.63846588134766)
(14.575409889221191, -45.22421646118164, -85.9259033203125)
(13.800076484680176, -46.89836120605469, -84.88919830322266)
(13.933428764343262, -46.90946960449219, -85.80575561523438)
(14.07702350616455, -46.202030181884766, -84.68504333496094)
(13.581252098083496, -47.885467529296875, -84.95930480957031)
(13.623394966125488, -47.95648193359375, -85.78112030029297)
(13.418237686157227, -48.89995193481445, -84.7084732055664)
(13.46243667602539, -48.953529357910156, -85.74199676513672)
(13.255027770996094, -49.866607666015625, -83.89708709716797)
(13.272377014160156, -49.8582649230957, -84.81580352783203)
(13.346959114074707, -49.061458587646484, -83.8427734375)
(13.404085159301758, -48.78732681274414, -84.23047637939453)
(13.03408432006836, -50.685447692871094, -83.9211196899414)
(13.04209041595459, -50.67599105834961, -84.8125991821289)
(12.857125282287598, -51.66745376586914, -83.8807601928711)
(12.832600593566895, -51.61042022705078, -84.77769470214844)
(12.766756057739258, -52.545623779296875, -83.86666107177734)
(12.700502395629883, -52.53310012817383, -84.76075744628906)
(12.64507007598877, -53.323673248291016, -83.87018585205078)
(12.779623031616211, -51.58110046386719, -85.6902084350586)
(13.023760795593262, -50.67125701904297, -85.70286560058594)
(13.271444320678711, -49.86823654174805, -85.72525787353516)
(13.464674949645996, -48.10024642944336, -83.90618896484375)
(13.488619804382324, -49.034637451171875, -86.72246551513672)
(13.649821281433105, -46.888580322265625, -84.0354995727539)
(13.680280685424805, -47.97755813598633, -86.68917083740234)
(13.963654518127441, -47.068660736083984, -86.65909576416016)
(14.292508125305176, -45.432273864746094, -84.9925308227539)
(13.879034996032715, -46.26778793334961, -84.08589172363281)
(14.56941032409668, -44.87645721435547, -85.80740356445312)
(14.908602714538574, -44.62432098388672, -86.75660705566406)
(14.285113334655762, -44.35009002685547, -86.2540283203125)
(14.288243293762207, -44.203895568847656, -86.83590698242188)
(14.346003532409668, -44.01487350463867, -87.560791015625)
(15.344096183776855, -44.39223861694336, -87.71769714355469)
(14.3493013381958, -43.901912689208984, -88.46859741210938)
(15.906891822814941, -44.99073028564453, -91.20784759521484)
(16.630346298217773, -44.41960906982422, -92.17428588867188)
(16.46639633178711, -44.29939651489258, -91.41026306152344)
(16.591533660888672, -44.28511428833008, -91.83252716064453)
(16.671262741088867, -44.043155670166016, -92.04813385009766)
(16.124359130859375, -44.437313079833984, -90.33177947998047)
(16.929607391357422, -44.007904052734375, -93.0302734375)
(16.572114944458008, -43.505374908447266, -93.10891723632812)
(16.76585578918457, -43.65070724487305, -93.55317687988281)
(16.21719741821289, -43.15321731567383, -93.90580749511719)
(16.65220069885254, -43.46184158325195, -94.1523208618164)
(16.219818115234375, -43.11019515991211, -94.84198760986328)
(16.678462982177734, -43.41857147216797, -94.90242767333984)
(16.23502540588379, -43.08986282348633, -95.7471694946289)
(16.713207244873047, -43.38973617553711, -95.7950210571289)
(16.249591827392578, -43.0847282409668, -96.66793823242188)
(16.758405685424805, -43.37342834472656, -96.70679473876953)
(16.255338668823242, -43.09042739868164, -97.58561706542969)
(16.80904197692871, -43.337154388427734, -97.62271881103516)
(16.273590087890625, -43.10779571533203, -98.49817657470703)
(16.882455825805664, -43.31424331665039, -98.52738189697266)
(16.389965057373047, -43.13652420043945, -99.2955551147461)
(16.969396591186523, -43.313106536865234, -99.43006134033203)
(16.251134872436523, -43.39772415161133, -100.25481414794922)
(17.087848663330078, -43.37431716918945, -100.1956787109375)
(17.156221389770508, -43.42111587524414, -101.05377197265625)
(16.081010818481445, -43.816810607910156, -101.11266326904297)
(17.411930084228516, -47.878074645996094, -103.82183074951172)
(17.669353485107422, -47.07418441772461, -103.04825592041016)
(17.48216438293457, -47.950477600097656, -103.00430297851562)
(17.415254592895508, -48.94444274902344, -102.99909973144531)
(17.365873336791992, -49.80149459838867, -102.10169982910156)
(17.32956886291504, -49.98991775512695, -102.92550659179688)
(17.432405471801758, -48.95907211303711, -102.17398834228516)
(17.346511840820312, -50.73871994018555, -102.26905059814453)
(17.443716049194336, -50.90945053100586, -103.08541107177734)
(17.51051139831543, -51.70650100708008, -102.20307922363281)
(17.187198638916016, -50.9015998840332, -101.32257843017578)
(17.690399169921875, -52.20970916748047, -101.10076904296875)
(17.387279510498047, -51.9987907409668, -100.51528930664062)
(17.696935653686523, -52.29799270629883, -100.4437255859375)
(17.275257110595703, -52.00537872314453, -100.2126693725586)
(18.148374557495117, -52.65505599975586, -100.35688018798828)
(16.807653427124023, -52.79569625854492, -100.03538513183594)
(17.983232498168945, -53.308414459228516, -100.02667999267578)
(17.175853729248047, -53.179588317871094, -100.3244857788086)
(18.178796768188477, -53.9050178527832, -99.45892333984375)
(17.591293334960938, -54.73134231567383, -99.54713439941406)
(17.14418601989746, -54.84080123901367, -100.40499114990234)
(17.36962890625, -55.65414810180664, -98.73615264892578)
(18.19501304626465, -54.58297348022461, -98.51512145996094)
(17.43220329284668, -56.544498443603516, -97.8253173828125)
(18.1960391998291, -55.52189254760742, -97.70872497558594)
(18.115190505981445, -57.17771911621094, -97.44763946533203)
(18.13962745666504, -56.306888580322266, -97.43807983398438)
(17.22480583190918, -57.20400619506836, -97.29271697998047)
(17.080907821655273, -57.918792724609375, -96.63103485107422)
(17.757667541503906, -58.06630325317383, -97.64029693603516)
(17.17461585998535, -58.834808349609375, -96.85627746582031)
(17.31375503540039, -58.75907516479492, -97.7169418334961)
(16.689008712768555, -59.33405303955078, -96.6032485961914)
(16.282407760620117, -59.962318420410156, -95.82120513916016)
(16.407527923583984, -59.95619583129883, -96.6966781616211)
(16.355932235717773, -58.99201583862305, -96.0319595336914)
(16.09691619873047, -60.7451286315918, -95.85601043701172)
(15.762609481811523, -61.50204849243164, -95.94282531738281)
(15.595918655395508, -62.03891372680664, -95.48463439941406)
(15.9446439743042, -61.38916778564453, -94.93560028076172)
(15.848991394042969, -61.6422233581543, -94.1137466430664)
(15.698277473449707, -62.17813491821289, -93.87425994873047)
(16.025482177734375, -60.99845886230469, -94.04185485839844)
(16.10517692565918, -60.67921447753906, -95.01129150390625)
(15.943292617797852, -59.99309539794922, -94.96047973632812)
(15.414241790771484, -59.86641311645508, -95.05675506591797)
(15.417953491210938, -60.117164611816406, -94.62651824951172)
(15.330244064331055, -59.34478759765625, -95.76654815673828)
(15.574012756347656, -58.465545654296875, -96.78245544433594)
(16.326095581054688, -58.27522659301758, -96.49647521972656)
(16.25146484375, -57.95267868041992, -96.94757843017578)
(15.678991317749023, -57.94950866699219, -97.5777359008789)
(16.513166427612305, -57.39881896972656, -97.66529846191406)
(16.67603874206543, -56.70920944213867, -98.5431137084961)
(16.361589431762695, -56.424888610839844, -99.48920440673828)
(14.515129089355469, -59.952667236328125, -95.89575958251953)
(14.986475944519043, -60.31180953979492, -94.94917297363281)
(15.3324613571167, -60.428958892822266, -94.14005279541016)
(14.750606536865234, -61.11642074584961, -94.00572204589844)
(15.26710319519043, -61.23350524902344, -93.08516693115234)
(15.223517417907715, -60.7952766418457, -93.58866119384766)
(14.597271919250488, -61.964332580566406, -93.03193664550781)
(15.24628734588623, -62.78557586669922, -92.38003540039062)
(15.46584701538086, -61.939701080322266, -92.75350952148438)
(14.44224739074707, -62.758846282958984, -92.09626770019531)
(14.926898002624512, -63.44422912597656, -91.93115997314453)
(14.362421989440918, -63.59021759033203, -91.40845489501953)
(14.849851608276367, -64.2944107055664, -92.10692596435547)
(14.487534523010254, -64.71330261230469, -91.13113403320312)
(14.76201343536377, -64.11486053466797, -93.05455017089844)
(13.809074401855469, -66.02703094482422, -91.2920913696289)
(14.154869079589844, -65.47978210449219, -91.03551483154297)
(13.821096420288086, -65.54510498046875, -90.55583190917969)
(12.196528434753418, -66.07588958740234, -94.04782104492188)
(12.025895118713379, -65.14302062988281, -95.76663208007812)
(11.852666854858398, -64.87454986572266, -96.5057144165039)
(11.998229026794434, -64.23516845703125, -97.55867004394531)
(11.847444534301758, -63.92592239379883, -98.30564880371094)
(11.605911254882812, -63.54264831542969, -99.23846435546875)
(11.77208137512207, -62.947265625, -100.07786560058594)
(11.375165939331055, -63.34913635253906, -99.90261840820312)
(11.51763916015625, -62.68427658081055, -101.0508804321289)
(11.529860496520996, -62.27536392211914, -102.02877807617188)
(9.749489784240723, -62.742225646972656, -104.82845306396484)
(9.725180625915527, -62.432960510253906, -105.7325668334961)
(9.735939025878906, -61.5474967956543, -107.51226806640625)
(9.695963859558105, -62.098907470703125, -106.59905242919922)
(8.824902534484863, -61.558082580566406, -108.47376251220703)
(11.54936695098877, -52.513309478759766, -82.2016830444336)
(11.740148544311523, -51.603248596191406, -82.30924987792969)
(11.440827369689941, -53.40107345581055, -82.14510345458984)
(11.696930885314941, -53.733943939208984, -81.63627624511719)
(11.715666770935059, -54.57783889770508, -81.60562133789062)
(11.644460678100586, -55.3596305847168, -81.5702896118164)
(11.307093620300293, -55.652706146240234, -81.91087341308594)
(11.584312438964844, -56.26581573486328, -81.43429565429688)
(12.373404502868652, -56.1224250793457, -82.007080078125)
(12.25169849395752, -56.944862365722656, -82.13553619384766)
(11.633655548095703, -57.19916915893555, -81.42040252685547)
(12.219005584716797, -57.87614440917969, -82.15882873535156)
(11.772093772888184, -58.08903884887695, -81.4329833984375)
(12.212499618530273, -58.77811050415039, -82.16029357910156)
(11.808767318725586, -59.00919723510742, -81.43280792236328)
(12.025139808654785, -59.65838623046875, -82.17945098876953)
(11.680617332458496, -59.92767333984375, -81.55858612060547)
(11.903974533081055, -60.66855239868164, -82.28146362304688)
(12.038113594055176, -59.80680847167969, -82.99268341064453)
(12.044392585754395, -60.832340240478516, -83.03895568847656)
(12.043746948242188, -61.58604431152344, -83.1259765625)
(11.999881744384766, -60.85674285888672, -83.8204116821289)
(12.01278018951416, -61.68680953979492, -83.83977508544922)
(11.969442367553711, -62.4071044921875, -83.0550537109375)
(11.911044120788574, -62.57414245605469, -83.84081268310547)
(11.77041244506836, -63.139286041259766, -83.15347290039062)
(11.788949966430664, -63.390560150146484, -83.92213439941406)
(11.69231128692627, -64.26813507080078, -84.02809143066406)
(11.466866493225098, -64.72738647460938, -83.85365295410156)
(11.523015975952148, -64.7156753540039, -84.75634002685547)
(11.651446342468262, -64.24962615966797, -84.83576202392578)
(11.570929527282715, -64.35971069335938, -85.22125244140625)
(11.47191047668457, -63.691280364990234, -85.54861450195312)
(11.692180633544922, -63.54435348510742, -84.7040786743164)
(11.38224983215332, -62.66020584106445, -85.50789642333984)
(11.722214698791504, -62.607215881347656, -84.63884735107422)
(11.473587989807129, -61.723270416259766, -85.52674102783203)
(11.810563087463379, -61.697818756103516, -84.65396118164062)
(11.49547004699707, -60.84212875366211, -85.52783966064453)
(11.805777549743652, -60.875247955322266, -84.65626525878906)
(11.533391952514648, -59.80583953857422, -85.4592514038086)
(11.78882884979248, -60.009037017822266, -84.5707015991211)
(11.900167465209961, -58.9932975769043, -84.7398910522461)
(11.643975257873535, -58.88033676147461, -85.48925018310547)
(11.91554069519043, -57.979270935058594, -85.73321533203125)
(12.066208839416504, -58.04203414916992, -84.74118041992188)
(12.101729393005371, -57.18222427368164, -85.71178436279297)
(12.177663803100586, -57.16710662841797, -84.78886413574219)
(12.048873901367188, -56.275726318359375, -85.64342498779297)
(12.230405807495117, -56.19923400878906, -84.75304412841797)
(12.183643341064453, -55.27884292602539, -85.62615966796875)
(11.990354537963867, -55.234169006347656, -86.5232925415039)
(11.85385513305664, -56.34873962402344, -86.51927185058594)
(12.197762489318848, -54.34852981567383, -86.46249389648438)
(12.522197723388672, -52.79087829589844, -90.1591567993164)
(12.02436637878418, -57.20347213745117, -88.47139739990234)
(12.115663528442383, -57.2358512878418, -87.74971771240234)
(11.704546928405762, -56.50654220581055, -87.43072509765625)
(12.10280990600586, -57.347991943359375, -86.75359344482422)
(12.588311195373535, -53.013057708740234, -92.0161361694336)
(12.687515258789062, -52.63019561767578, -91.20276641845703)
(12.639229774475098, -52.679141998291016, -92.26272583007812)
(12.937500953674316, -50.5937614440918, -88.45755004882812)
(12.257953643798828, -57.14373779296875, -83.88713836669922)
(12.291744232177734, -57.11643600463867, -82.99251556396484)
(12.34962272644043, -58.07868957519531, -82.99127197265625)
(12.239373207092285, -58.103240966796875, -83.86864471435547)
(12.30289077758789, -58.925392150878906, -83.0004653930664)
(12.189441680908203, -58.941856384277344, -83.84333038330078)
(11.946197509765625, -59.83982467651367, -83.84747314453125)
(11.904581069946289, -57.85337829589844, -86.60126495361328)
(11.453985214233398, -64.41077423095703, -85.72837829589844)
(11.201642036437988, -65.21831512451172, -85.60801696777344)
(11.154312133789062, -65.44495391845703, -84.68595123291016)
(10.961273193359375, -66.1900634765625, -84.81591033935547)
(10.926288604736328, -66.22110748291016, -85.68451690673828)
(10.853668212890625, -67.18905639648438, -85.75849914550781)
(11.171035766601562, -65.30870056152344, -83.93977355957031)
(12.42103385925293, -53.40046310424805, -81.69416809082031)
(11.782559394836426, -52.81442642211914, -81.62281036376953)
(12.605791091918945, -52.61983871459961, -81.58507537841797)
(11.934698104858398, -51.935821533203125, -81.70574188232422)
(12.607783317565918, -51.71361541748047, -81.57119750976562)
(12.100698471069336, -51.072410583496094, -81.78055572509766)
(12.582754135131836, -50.802703857421875, -81.62263488769531)
(12.249248504638672, -50.155460357666016, -81.86660766601562)
(12.512575149536133, -49.88374328613281, -81.58061981201172)
(12.28796672821045, -49.12180709838867, -82.19287872314453)
(12.520112991333008, -49.048851013183594, -81.69123077392578)
(12.321163177490234, -48.26625061035156, -82.92351531982422)
(12.079121589660645, -49.85273742675781, -82.39810943603516)
(11.941332817077637, -50.68330001831055, -82.32391357421875)
(12.375772476196289, -47.25310134887695, -84.62609100341797)
(12.705533981323242, -46.375301361083984, -85.02632904052734)
(12.483593940734863, -47.221778869628906, -83.92076110839844)
(10.755553245544434, -59.74333953857422, -109.09616088867188)
(11.636678695678711, -59.70585632324219, -108.39965057373047)
(10.80062198638916, -60.28982162475586, -108.25182342529297)
(11.553733825683594, -60.187156677246094, -107.49057006835938)
(11.539243698120117, -60.55710220336914, -106.60076904296875)
(11.537057876586914, -60.88349151611328, -105.66627502441406)
(11.445114135742188, -61.30620574951172, -104.75108337402344)
(11.34490966796875, -61.722442626953125, -103.89399719238281)
(11.77701187133789, -61.67406463623047, -102.97747802734375)
(18.157495498657227, -52.68148422241211, -104.84590148925781)
(18.207319259643555, -52.66581726074219, -104.08135223388672)
(17.8812198638916, -51.830535888671875, -104.92656707763672)
(17.842239379882812, -51.919654846191406, -104.04566955566406)
(17.578229904174805, -51.00531005859375, -104.89588165283203)
(17.532358169555664, -50.98151779174805, -103.97586059570312)
(17.779151916503906, -52.01593780517578, -103.13660430908203)
(17.582107543945312, -51.00585174560547, -105.78875732421875)
(17.895544052124023, -51.79746627807617, -105.77630615234375)
(17.12772560119629, -50.10007858276367, -105.79381561279297)
(17.158533096313477, -50.07851791381836, -104.84566497802734)
(17.195518493652344, -48.941062927246094, -104.85289764404297)
(17.239513397216797, -49.80892562866211, -103.82963562011719)
(17.308197021484375, -48.8151741027832, -104.0396499633789)
(18.485963821411133, -53.01399612426758, -103.10519409179688)
(18.4329891204834, -52.858280181884766, -102.02621459960938)
(18.56029510498047, -53.003597259521484, -101.0440673828125)
(18.64090347290039, -53.18801498413086, -100.5247802734375)
(18.87222671508789, -53.478668212890625, -100.23247528076172)
(18.969675064086914, -53.6214485168457, -101.18971252441406)
(19.258634567260742, -54.36626052856445, -100.1976089477539)
(19.55817222595215, -55.40693283081055, -98.47705078125)
(19.018428802490234, -56.22727966308594, -97.68505859375)
(19.349220275878906, -55.45758819580078, -97.63761138916016)
(19.169355392456055, -54.84907531738281, -97.80852508544922)
(19.382774353027344, -54.46162796020508, -98.65731811523438)
(18.97527313232422, -54.31817626953125, -98.14525604248047)
(19.472217559814453, -54.917015075683594, -98.52945709228516)
(18.847444534301758, -54.02485656738281, -98.6542739868164)
(19.106159210205078, -53.906982421875, -99.38958740234375)
(19.37885856628418, -54.42362594604492, -99.39895629882812)
(18.94231414794922, -55.44173049926758, -97.43640899658203)
(19.430152893066406, -54.9085693359375, -99.32349395751953)
(19.44242286682129, -55.294212341308594, -99.25222778320312)
(15.69692325592041, -43.68574142456055, -99.41407012939453)
(15.46282958984375, -43.2188720703125, -95.53518676757812)
(15.552863121032715, -43.124778747558594, -94.70167541503906)
(9.896526336669922, -60.71261215209961, -108.51419067382812)
(15.340258598327637, -62.424495697021484, -95.69513702392578)
(15.577065467834473, -62.58757781982422, -93.21206665039062)
(15.14332103729248, -63.3181266784668, -92.95443725585938)
(15.741247177124023, -61.76773452758789, -93.41183471679688)
(14.989006042480469, -63.60258483886719, -92.34783935546875)
(13.357324600219727, -56.30967712402344, -100.32886505126953)
(13.225112915039062, -56.18596649169922, -99.4383773803711)
(13.09302043914795, -56.114871978759766, -98.71279907226562)
(12.613576889038086, -57.11576461791992, -99.00975799560547)
(13.544897079467773, -56.5765380859375, -102.16822814941406)
(16.343767166137695, -50.80243682861328, -101.28009033203125)
(17.21843719482422, -44.51865768432617, -93.92112731933594)
(16.834287643432617, -44.561424255371094, -92.96957397460938)
(17.80367088317871, -44.36349105834961, -95.7159423828125)
(17.87037467956543, -45.06802749633789, -96.63609313964844)
(17.87334442138672, -45.41473388671875, -97.60396575927734)
(17.866092681884766, -46.05550003051758, -98.62055206298828)
(17.83833885192871, -46.98294448852539, -100.37089538574219)
(17.096393585205078, -48.9217643737793, -101.48435974121094)
(17.48434066772461, -47.95457077026367, -102.12100219726562)
(17.978565216064453, -46.9584846496582, -101.40629577636719)
(17.868654251098633, -46.88663864135742, -102.19915008544922)
(17.99677085876465, -46.25947952270508, -102.07612609863281)
(18.17579460144043, -46.2694206237793, -101.2131576538086)
(17.918874740600586, -45.3160514831543, -102.11023712158203)
(18.005353927612305, -45.427555084228516, -101.19866180419922)
(17.87393569946289, -44.5789680480957, -101.25736236572266)
(17.797252655029297, -44.06433868408203, -101.22682189941406)
(17.845470428466797, -44.681583404541016, -100.343994140625)
(17.66268539428711, -44.02429962158203, -100.25502014160156)
(17.838930130004883, -44.75127029418945, -99.38232421875)
(17.577865600585938, -44.149993896484375, -99.26522827148438)
(18.0496883392334, -45.39222717285156, -99.42249298095703)
(18.056747436523438, -45.437171936035156, -100.31253814697266)
(18.19918441772461, -46.06657791137695, -99.55075073242188)
(18.281179428100586, -46.19478225708008, -100.3226089477539)
(17.89556121826172, -46.57429504394531, -99.47293853759766)
(18.014358520507812, -45.30708312988281, -98.62391662597656)
(17.87106704711914, -44.733760833740234, -98.44754791259766)
(17.81156349182129, -44.523746490478516, -97.44013214111328)
(17.535449981689453, -44.239341735839844, -98.39164733886719)
(17.034709930419922, -43.81830596923828, -96.80842590332031)
(17.724655151367188, -44.39908218383789, -96.65046691894531)
(17.150697708129883, -43.76969528198242, -97.84654998779297)
(16.928913116455078, -43.75552749633789, -95.90558624267578)
(17.03533935546875, -43.893348693847656, -95.03744506835938)
(17.56040382385254, -44.36294174194336, -94.85821533203125)
(17.026744842529297, -43.88874435424805, -94.06414794921875)
(17.26258659362793, -43.70004653930664, -98.74666595458984)
(17.375530242919922, -43.6359977722168, -99.6248550415039)
(17.428937911987305, -43.5880012512207, -100.30266571044922)
(17.811100006103516, -46.241004943847656, -102.9412612915039)
(17.00956153869629, -49.98495864868164, -101.38519287109375)
(16.487136840820312, -51.67506408691406, -100.47560119628906)
(16.514097213745117, -52.47503662109375, -100.60519409179688)
(16.664854049682617, -54.907840728759766, -101.32315826416016)
(16.402225494384766, -55.67589569091797, -100.57341003417969)
(16.974254608154297, -55.48454284667969, -99.70339965820312)
(16.05328369140625, -55.59517288208008, -101.40965270996094)
(17.103994369506836, -51.54130935668945, -100.59554290771484)
(11.60387134552002, -60.24430847167969, -100.50820922851562)
(11.921942710876465, -64.6681137084961, -91.6368637084961)
(11.954444885253906, -64.40914916992188, -91.95130920410156)
(12.030898094177246, -61.795650482177734, -91.96884155273438)
(12.012307167053223, -61.468353271484375, -91.38388061523438)
(12.081605911254883, -61.008453369140625, -91.26588439941406)
(12.578653335571289, -70.89884185791016, -86.59259796142578)
(11.826443672180176, -78.99043273925781, -84.80548858642578)
(11.730469703674316, -79.81915283203125, -84.4590835571289)
(11.960237503051758, -79.23892974853516, -83.95922088623047)
(12.005300521850586, -79.899169921875, -83.73782348632812)
(11.700718879699707, -78.2523422241211, -84.80485534667969)
(11.09408187866211, -70.1155014038086, -87.0307388305664)
(10.0578031539917, -67.8534927368164, -83.12090301513672)
(8.36044979095459, -70.70037841796875, -83.02615356445312)
(8.272865295410156, -71.57306671142578, -83.12409210205078)
(8.367460250854492, -72.5539321899414, -83.10387420654297)
